Run semi-empirical minimization
 &qmmm
    qm_theory='AM1', grms_tol=0.0002,
  tight_p_conv=1, scfconv=1.d-10,   qmcharge=0,
 /
   6    C1       13.1790        9.9050       22.6170 
   6    C2       14.3080       10.6890       22.0430 
   6    C3       15.5830       10.1370       22.0290 
   6    C4       15.7830        8.8620       22.5500 
   6    C5       14.7270        8.1210       23.0910 
   6    C6       13.4240        8.6330       23.1330 
   8    O1       11.9200       10.4380       22.6480 
   8    O2       14.0880       11.9240       21.5270 
   6    C7       11.0210       10.3200       21.6230 
   6    C8        9.6510       10.8580       21.8170 
   6    C9        8.7170       10.7520       20.7930 
   6   C10        9.0850       10.1420       19.5990 
   6   C11       10.3750        9.6390       19.4140 
   6   C12       11.3440        9.7200       20.4110 
  17   CL2        9.2190       11.6370       23.3690 
  17   CL3        7.8820       10.0100       18.2740 
  17   CL1       17.4290        8.1710       22.5330 
   1   H18       16.4190       10.6960       21.5800 
   1   H19       14.9930        7.1850       23.6090 
   1   H20       12.6250        8.0170       23.5750 
   1   H21       13.1320       12.0840       21.6140 
   1   H22        7.7110       11.1820       20.9180 
   1   H23       10.5400        9.0760       18.4830 
   1   H24       12.3450        9.3070       20.2160 

